37.8724226061712
43.5747514572773
54.9786240111881
52.259106619473
10.856705042827
49.7138602642832
11.0935375682349
50.1437847522632
36.4368043745524
3.63941588787597
45.6283537427282
49.69393546278
50.6441963535639
13.7102850848843
3.07540996988137
52.1046966709645
4.67405447551981
37.7600829646122
12.4475135894284
37.5430384773574
46.283409340625
39.0786154538258
43.9626730132176
52.6123493422866
14.6715728177299
9.07268652880425
35.9187883761011
7.27149027235409
10.4432925999352
43.1950097182714
8.82904235218003
49.786818181177
11.1561835844394
18.688940852357
44.6955830716078
3.62807676560049
50.1214668546473
36.5166522992476
41.1702692896992
52.416019494953
11.3162856424816
35.4761557605616
38.6924247344812
14.3626883426058
38.039734807577
7.55244771103817
4.67337081139269
17.1381519601599
56.8442593372297
53.6785017039696
8.37998003411995
20.5283972650009
47.7989346007616
47.0602761395719
50.2001400895247
47.1991583736201
37.7310832132076
8.04777510429198
49.8864832711493
10.6189106495836
10.3660688147682
45.7092743503401
44.3401554955959
10.8858573446017
4.30310557036593
51.4585043335026
7.26410490828961
17.2420090625623
46.621596349135
29.1782198533463
51.0464166998773
31.4624594284004
54.0245964386589
5.43832606071013
45.4791739445826
3.14648875474713
49.6822545239941
6.74101299306816
54.212418614724
49.7018373473817
9.73267087814397
14.528061706545
15.7472911196232
6.82788273101362
10.307533260281
6.39705427084712
35.7471915911695
6.46902146881401
10.6035159650567
49.9539086276313
14.1565731930047
10.9511375802296
58.490244167173
42.6065897515196
33.2927885990574
55.6300309126033
45.99976876609
46.6519658896033
7.8509111854373
8.74096588020806